0, 21.0
1, 8.0
2, 23.0
3, 10.0
4, 18.0
5, 8.0
6, 17.0
7, 17.0
8, 53.0
9, 106.0
10, 25.0
11, 9.0
12, 9.0
13, 17.0
14, 9.0
15, 14.0
16, 15.0
17, 9.0
18, 9.0
19, 9.0
20, 23.0
21, 9.0
22, 10.0
23, 8.0
24, 8.0
25, 10.0
26, 100.0
27, 9.0
28, 11.0
29, 21.0
30, 9.0
31, 23.0
32, 9.0
33, 8.0
34, 111.0
35, 19.0
36, 9.0
37, 52.0
38, 33.0
39, 10.0
40, 13.0
41, 15.0
42, 16.0
43, 13.0
44, 8.0
45, 55.0
46, 9.0
47, 8.0
48, 9.0
49, 25.0
50, 10.0
51, 9.0
52, 9.0
53, 10.0
54, 61.0
55, 8.0
56, 10.0
57, 10.0
58, 8.0
59, 10.0
60, 9.0
61, 11.0
62, 10.0
63, 10.0
64, 8.0
65, 9.0
66, 10.0
67, 9.0
68, 9.0
69, 11.0
70, 9.0
71, 12.0
72, 12.0
73, 11.0
74, 11.0
75, 10.0
76, 12.0
77, 11.0
78, 11.0
79, 12.0
80, 10.0
81, 10.0
82, 12.0
83, 12.0
84, 12.0
85, 14.0
86, 8.0
87, 9.0
88, 10.0
89, 10.0
90, 13.0
91, 11.0
92, 9.0
93, 10.0
94, 12.0
95, 10.0
96, 11.0
97, 10.0
98, 9.0
99, 9.0
100, 9.0
101, 10.0
102, 9.0
103, 10.0
104, 10.0
105, 9.0
106, 10.0
107, 11.0
108, 10.0
109, 23.0
110, 10.0
111, 10.0
112, 10.0
113, 10.0
114, 10.0
115, 10.0
116, 10.0
117, 10.0
118, 15.0
119, 8.0
120, 10.0
121, 9.0
122, 10.0
123, 10.0
124, 9.0
125, 8.0
126, 10.0
127, 9.0
128, 9.0
129, 9.0
130, 10.0
131, 9.0
132, 9.0
133, 10.0
134, 10.0
135, 9.0
136, 9.0
137, 11.0
138, 10.0
139, 9.0
140, 8.0
141, 10.0
142, 8.0
143, 10.0
144, 10.0
145, 10.0
146, 9.0
147, 10.0
148, 12.0
149, 9.0
150, 10.0
151, 19.0
152, 22.0
153, 10.0
154, 8.0
155, 10.0
156, 10.0
157, 10.0
158, 10.0
159, 10.0
160, 9.0
161, 9.0
162, 13.0
163, 10.0
164, 9.0
165, 9.0
166, 8.0
167, 21.0
168, 18.0
169, 18.0
170, 12.0
171, 9.0
172, 9.0
173, 9.0
174, 11.0
175, 9.0
176, 9.0
177, 35.0
178, 14.0
179, 11.0
180, 9.0
181, 11.0
182, 24.0
183, 9.0
184, 9.0
185, 10.0
186, 9.0
187, 10.0
188, 9.0
189, 10.0
190, 10.0
191, 10.0
192, 51.0
193, 9.0
194, 10.0
195, 11.0
196, 14.0
197, 10.0
198, 9.0
199, 10.0
200, 11.0
201, 9.0
202, 41.0
203, 9.0
204, 14.0
205, 11.0
206, 18.0
207, 10.0
208, 23.0
209, 12.0
210, 9.0
211, 18.0
212, 12.0
213, 12.0
214, 11.0
215, 17.0
216, 23.0
217, 10.0
218, 8.0
219, 15.0
220, 49.0
221, 11.0
222, 32.0
223, 9.0
224, 8.0
225, 18.0
226, 9.0
227, 10.0
228, 10.0
229, 10.0
230, 8.0
231, 9.0
232, 11.0
233, 11.0
234, 17.0
235, 10.0
236, 10.0
237, 8.0
238, 9.0
239, 9.0
240, 10.0
241, 24.0
242, 24.0
243, 9.0
244, 25.0
245, 39.0
246, 38.0
247, 9.0
248, 10.0
249, 10.0
250, 10.0
251, 9.0
252, 15.0
253, 12.0
254, 33.0
255, 11.0
256, 13.0
257, 21.0
258, 18.0
259, 15.0
260, 29.0
261, 81.0
262, 73.0
263, 68.0
264, 120.0
265, 68.0
266, 61.0
267, 55.0
268, 98.0
269, 10.0
270, 11.0
271, 12.0
272, 11.0
273, 94.0
274, 10.0
275, 10.0
276, 107.0
277, 91.0
278, 89.0
279, 127.0
280, 86.0
281, 96.0
282, 83.0
283, 92.0
284, 111.0
285, 161.0
286, 127.0
287, 169.0
288, 143.0
289, 200.0
290, 200.0
291, 192.0
292, 92.0
293, 170.0
294, 100.0
295, 84.0
296, 41.0
297, 24.0
298, 11.0
299, 41.0
300, 42.0
301, 11.0
302, 12.0
303, 29.0
304, 24.0
305, 37.0
306, 20.0
307, 28.0
308, 27.0
309, 27.0
310, 56.0
311, 23.0
312, 26.0
313, 39.0
314, 40.0
315, 69.0
316, 40.0
317, 141.0
318, 26.0
319, 157.0
320, 66.0
321, 73.0
322, 138.0
323, 53.0
324, 132.0
325, 165.0
326, 168.0
327, 200.0
328, 200.0
329, 92.0
330, 194.0
331, 98.0
332, 113.0
333, 178.0
334, 200.0
335, 200.0
336, 188.0
337, 173.0
338, 120.0
339, 121.0
340, 192.0
341, 200.0
342, 165.0
343, 194.0
344, 153.0
345, 193.0
346, 200.0
347, 138.0
348, 200.0
349, 162.0
350, 198.0
351, 200.0
352, 109.0
353, 186.0
354, 192.0
355, 161.0
356, 171.0
357, 140.0
358, 150.0
359, 200.0
360, 200.0
361, 200.0
362, 188.0
363, 144.0
364, 136.0
365, 168.0
366, 189.0
367, 157.0
368, 194.0
369, 186.0
370, 156.0
371, 200.0
372, 199.0
373, 155.0
374, 200.0
375, 131.0
376, 123.0
377, 149.0
378, 154.0
379, 200.0
380, 163.0
381, 200.0
382, 199.0
383, 200.0
384, 186.0
385, 200.0
386, 189.0
387, 200.0
388, 143.0
389, 177.0
390, 169.0
391, 200.0
392, 200.0
393, 200.0
394, 199.0
395, 200.0
396, 200.0
397, 200.0
398, 200.0
399, 200.0
400, 191.0
401, 200.0
402, 200.0
403, 200.0
404, 200.0
405, 200.0
406, 197.0
407, 200.0
408, 200.0
409, 200.0
410, 176.0
411, 200.0
412, 200.0
413, 200.0
414, 200.0
415, 154.0
416, 189.0
417, 200.0
418, 133.0
419, 200.0
420, 200.0
421, 152.0
422, 194.0
423, 200.0
424, 176.0
425, 186.0
426, 186.0
427, 200.0
428, 176.0
429, 200.0
430, 200.0
431, 200.0
432, 200.0
433, 200.0
434, 180.0
435, 188.0
436, 191.0
437, 200.0
438, 200.0
439, 200.0
440, 200.0
441, 179.0
442, 200.0
443, 200.0
444, 200.0
445, 200.0
446, 200.0
447, 167.0
448, 200.0
449, 200.0
450, 200.0
451, 200.0
452, 200.0
453, 170.0
454, 195.0
455, 191.0
456, 200.0
457, 200.0
458, 190.0
459, 200.0
460, 200.0
461, 177.0
462, 200.0
463, 171.0
464, 200.0
465, 129.0
466, 149.0
467, 144.0
468, 128.0
469, 174.0
470, 118.0
471, 116.0
472, 135.0
473, 117.0
474, 193.0
475, 149.0
476, 138.0
477, 189.0
478, 120.0
479, 175.0
480, 131.0
481, 200.0
482, 163.0
483, 120.0
484, 132.0
485, 152.0
486, 142.0
487, 119.0
488, 121.0
489, 157.0
490, 124.0
491, 178.0
492, 143.0
493, 124.0
494, 123.0
495, 123.0
496, 142.0
497, 139.0
498, 129.0
499, 162.0
500, 152.0
501, 127.0
502, 137.0
503, 155.0
504, 134.0
505, 122.0
506, 134.0
507, 156.0
508, 139.0
509, 116.0
510, 151.0
511, 152.0
512, 122.0
513, 120.0
514, 137.0
515, 123.0
516, 118.0
517, 126.0
518, 118.0
519, 154.0
520, 161.0
521, 200.0
522, 200.0
523, 200.0
524, 154.0
525, 159.0
526, 161.0
527, 144.0
528, 159.0
529, 170.0
530, 167.0
531, 144.0
532, 200.0
533, 200.0
534, 133.0
535, 200.0
536, 200.0
537, 200.0
538, 157.0
539, 147.0
540, 200.0
541, 166.0
542, 141.0
543, 193.0
544, 200.0
545, 200.0
546, 200.0
547, 154.0
548, 193.0
549, 182.0
550, 200.0
551, 189.0
552, 200.0
553, 165.0
554, 144.0
555, 196.0
556, 196.0
557, 172.0
558, 180.0
559, 168.0
560, 142.0
561, 200.0
562, 137.0
563, 151.0
564, 144.0
565, 134.0
566, 143.0
567, 132.0
568, 150.0
569, 146.0
570, 146.0
571, 169.0
572, 144.0
573, 140.0
574, 161.0
575, 149.0
576, 134.0
577, 144.0
578, 156.0
579, 153.0
580, 154.0
581, 141.0
582, 167.0
583, 142.0
584, 200.0
585, 156.0
586, 181.0
587, 158.0
588, 172.0
589, 166.0
590, 141.0
591, 168.0
592, 188.0
593, 200.0
594, 200.0
595, 200.0
596, 164.0
597, 200.0
598, 180.0
599, 200.0
600, 200.0
601, 131.0
602, 153.0
603, 167.0
604, 200.0
605, 195.0
606, 160.0
607, 177.0
608, 192.0
609, 200.0
610, 157.0
611, 160.0
612, 158.0
613, 190.0
614, 157.0
615, 159.0
616, 200.0
617, 200.0
618, 200.0
619, 169.0
620, 153.0
621, 153.0
622, 148.0
623, 200.0
624, 155.0
625, 137.0
626, 185.0
627, 134.0
628, 129.0
629, 172.0
630, 122.0
631, 191.0
632, 160.0
633, 151.0
634, 134.0
635, 173.0
636, 143.0
637, 146.0
638, 150.0
639, 173.0
640, 144.0
641, 145.0
642, 200.0
643, 159.0
644, 164.0
645, 140.0
646, 154.0
647, 144.0
648, 200.0
649, 146.0
650, 138.0
651, 127.0
652, 173.0
653, 200.0
654, 143.0
655, 137.0
656, 145.0
657, 140.0
658, 144.0
659, 153.0
660, 149.0
661, 200.0
662, 200.0
663, 152.0
664, 200.0
665, 155.0
666, 150.0
667, 135.0
668, 161.0
669, 156.0
670, 173.0
671, 150.0
672, 165.0
673, 179.0
674, 159.0
675, 179.0
676, 156.0
677, 168.0
678, 140.0
679, 133.0
680, 197.0
681, 151.0
682, 138.0
683, 133.0
684, 134.0
685, 137.0
686, 140.0
687, 126.0
688, 161.0
689, 138.0
690, 122.0
691, 161.0
692, 146.0
693, 135.0
694, 159.0
695, 127.0
696, 126.0
697, 200.0
698, 136.0
699, 129.0
700, 130.0
701, 125.0
702, 200.0
703, 130.0
704, 129.0
705, 126.0
706, 130.0
707, 124.0
708, 135.0
709, 164.0
710, 143.0
711, 200.0
712, 128.0
713, 122.0
714, 127.0
715, 130.0
716, 123.0
717, 131.0
718, 156.0
719, 184.0
720, 126.0
721, 125.0
722, 199.0
723, 125.0
724, 200.0
725, 119.0
726, 167.0
727, 200.0
728, 118.0
729, 189.0
730, 109.0
731, 120.0
732, 136.0
733, 129.0
734, 131.0
735, 170.0
736, 200.0
737, 200.0
738, 115.0
739, 123.0
740, 113.0
741, 105.0
742, 111.0
743, 111.0
744, 107.0
745, 104.0
746, 110.0
747, 103.0
748, 105.0
749, 110.0
750, 200.0
751, 107.0
752, 115.0
753, 200.0
754, 117.0
755, 115.0
756, 112.0
757, 116.0
758, 118.0
759, 111.0
760, 121.0
761, 106.0
762, 118.0
763, 103.0
764, 115.0
765, 105.0
766, 110.0
767, 110.0
768, 112.0
769, 109.0
770, 112.0
771, 102.0
772, 103.0
773, 107.0
774, 112.0
775, 105.0
776, 109.0
777, 106.0
778, 107.0
779, 108.0
780, 106.0
781, 104.0
782, 106.0
783, 103.0
784, 108.0
785, 102.0
786, 106.0
787, 102.0
788, 98.0
789, 101.0
790, 102.0
791, 101.0
792, 100.0
793, 165.0
794, 116.0
795, 102.0
796, 101.0
797, 113.0
798, 99.0
799, 100.0
800, 116.0
801, 116.0
802, 106.0
803, 108.0
804, 107.0
805, 106.0
806, 105.0
807, 103.0
808, 108.0
809, 107.0
810, 109.0
811, 102.0
812, 107.0
813, 104.0
814, 99.0
815, 100.0
816, 105.0
817, 106.0
818, 105.0
819, 200.0
820, 98.0
821, 110.0
822, 104.0
823, 108.0
824, 132.0
825, 103.0
826, 173.0
827, 147.0
828, 111.0
829, 97.0
830, 106.0
831, 106.0
832, 172.0
833, 104.0
834, 111.0
835, 123.0
836, 105.0
837, 119.0
838, 134.0
839, 121.0
840, 200.0
841, 132.0
842, 162.0
843, 104.0
844, 173.0
845, 112.0
846, 129.0
847, 109.0
848, 119.0
849, 109.0
850, 108.0
851, 111.0
852, 109.0
853, 105.0
854, 103.0
855, 109.0
856, 109.0
857, 109.0
858, 108.0
859, 105.0
860, 172.0
861, 120.0
862, 199.0
863, 115.0
864, 177.0
865, 115.0
866, 100.0
867, 200.0
868, 110.0
869, 103.0
870, 123.0
871, 116.0
872, 169.0
873, 104.0
874, 121.0
875, 115.0
876, 115.0
877, 117.0
878, 106.0
879, 130.0
880, 119.0
881, 151.0
882, 108.0
883, 114.0
884, 118.0
885, 147.0
886, 117.0
887, 159.0
888, 176.0
889, 111.0
890, 110.0
891, 137.0
892, 108.0
893, 110.0
894, 113.0
895, 110.0
896, 141.0
897, 110.0
898, 115.0
899, 126.0
900, 117.0
901, 102.0
902, 108.0
903, 113.0
904, 192.0
905, 112.0
906, 140.0
907, 112.0
908, 119.0
909, 103.0
910, 98.0
911, 115.0
912, 127.0
913, 195.0
914, 108.0
915, 105.0
916, 100.0
917, 101.0
918, 98.0
919, 119.0
920, 102.0
921, 104.0
922, 135.0
923, 95.0
924, 95.0
925, 100.0
926, 98.0
927, 94.0
928, 98.0
929, 107.0
930, 96.0
931, 109.0
932, 95.0
933, 110.0
934, 181.0
935, 115.0
936, 96.0
937, 99.0
938, 121.0
939, 113.0
940, 101.0
941, 148.0
942, 200.0
943, 200.0
944, 102.0
945, 113.0
946, 121.0
947, 94.0
948, 153.0
949, 102.0
950, 96.0
951, 93.0
952, 104.0
953, 102.0
954, 103.0
955, 122.0
956, 98.0
957, 106.0
958, 109.0
959, 105.0
960, 100.0
961, 182.0
962, 103.0
963, 200.0
964, 200.0
965, 199.0
966, 200.0
967, 113.0
968, 96.0
969, 193.0
970, 196.0
971, 105.0
972, 101.0
973, 120.0
974, 166.0
975, 107.0
976, 127.0
977, 129.0
978, 200.0
979, 198.0
980, 120.0
981, 116.0
982, 117.0
983, 200.0
984, 200.0
985, 200.0
986, 152.0
987, 110.0
988, 122.0
989, 105.0
990, 153.0
991, 106.0
992, 200.0
993, 108.0
994, 140.0
995, 96.0
996, 112.0
997, 103.0
998, 109.0
999, 125.0
1000, 111.0