0, 21.0
1, 8.0
2, 23.0
3, 10.0
4, 18.0
5, 8.0
6, 17.0
7, 17.0
8, 53.0
9, 106.0
10, 25.0
11, 9.0
12, 9.0
13, 17.0
14, 9.0
15, 14.0
16, 15.0
17, 9.0
18, 9.0
19, 9.0
20, 23.0
21, 9.0
22, 10.0
23, 8.0
24, 8.0
25, 10.0
26, 100.0
27, 9.0
28, 11.0
29, 21.0
30, 9.0
31, 23.0
32, 9.0
33, 8.0
34, 111.0
35, 19.0
36, 9.0
37, 52.0
38, 33.0
39, 10.0
40, 13.0
41, 15.0
42, 16.0
43, 13.0
44, 8.0
45, 55.0
46, 9.0
47, 8.0
48, 9.0
49, 25.0
50, 10.0
51, 9.0
52, 9.0
53, 10.0
54, 61.0
55, 8.0
56, 10.0
57, 10.0
58, 8.0
59, 10.0
60, 9.0
61, 11.0
62, 10.0
63, 10.0
64, 8.0
65, 9.0
66, 10.0
67, 10.0
68, 10.0
69, 9.0
70, 10.0
71, 8.0
72, 8.0
73, 8.0
74, 11.0
75, 9.0
76, 11.0
77, 9.0
78, 9.0
79, 8.0
80, 10.0
81, 9.0
82, 9.0
83, 30.0
84, 11.0
85, 12.0
86, 11.0
87, 11.0
88, 9.0
89, 94.0
90, 13.0
91, 17.0
92, 12.0
93, 15.0
94, 12.0
95, 11.0
96, 15.0
97, 21.0
98, 32.0
99, 49.0
100, 16.0
101, 16.0
102, 14.0
103, 65.0
104, 122.0
105, 64.0
106, 141.0
107, 141.0
108, 123.0
109, 139.0
110, 108.0
111, 55.0
112, 159.0
113, 134.0
114, 83.0
115, 60.0
116, 120.0
117, 148.0
118, 127.0
119, 200.0
120, 200.0
121, 200.0
122, 144.0
123, 137.0
124, 165.0
125, 141.0
126, 171.0
127, 200.0
128, 200.0
129, 141.0
130, 189.0
131, 200.0
132, 200.0
133, 200.0
134, 200.0
135, 186.0
136, 199.0
137, 200.0
138, 200.0
139, 200.0
140, 200.0
141, 200.0
142, 200.0
143, 173.0
144, 155.0
145, 200.0
146, 200.0
147, 200.0
148, 135.0
149, 165.0
150, 186.0
151, 200.0
152, 200.0
153, 200.0
154, 200.0
155, 200.0
156, 184.0
157, 200.0
158, 200.0
159, 200.0
160, 200.0
161, 198.0
162, 158.0
163, 200.0
164, 200.0
165, 173.0
166, 200.0
167, 200.0
168, 172.0
169, 200.0
170, 200.0
171, 200.0
172, 200.0
173, 200.0
174, 197.0
175, 200.0
176, 200.0
177, 200.0
178, 200.0
179, 200.0
180, 200.0
181, 200.0
182, 200.0
183, 200.0
184, 200.0
185, 200.0
186, 177.0
187, 200.0
188, 169.0
189, 200.0
190, 200.0
191, 200.0
192, 200.0
193, 200.0
194, 200.0
195, 132.0
196, 200.0
197, 200.0
198, 200.0
199, 200.0
200, 160.0
201, 133.0
202, 200.0
203, 200.0
204, 125.0
205, 200.0
206, 181.0
207, 200.0
208, 200.0
209, 200.0
210, 200.0
211, 200.0
212, 200.0
213, 200.0
214, 156.0
215, 200.0
216, 200.0
217, 200.0
218, 200.0
219, 160.0
220, 195.0
221, 200.0
222, 194.0
223, 200.0
224, 200.0
225, 200.0
226, 200.0
227, 200.0
228, 200.0
229, 200.0
230, 156.0
231, 200.0
232, 200.0
233, 200.0
234, 200.0
235, 170.0
236, 200.0
237, 200.0
238, 161.0
239, 127.0
240, 200.0
241, 184.0
242, 200.0
243, 200.0
244, 200.0
245, 136.0
246, 125.0
247, 190.0
248, 194.0
249, 115.0
250, 121.0
251, 200.0
252, 162.0
253, 200.0
254, 129.0
255, 128.0
256, 136.0
257, 200.0
258, 125.0
259, 119.0
260, 112.0
261, 117.0
262, 145.0
263, 177.0
264, 200.0
265, 120.0
266, 192.0
267, 200.0
268, 161.0
269, 154.0
270, 200.0
271, 135.0
272, 200.0
273, 182.0
274, 185.0
275, 200.0
276, 172.0
277, 183.0
278, 156.0
279, 170.0
280, 164.0
281, 143.0
282, 112.0
283, 159.0
284, 132.0
285, 136.0
286, 107.0
287, 180.0
288, 120.0
289, 153.0
290, 181.0
291, 139.0
292, 194.0
293, 126.0
294, 105.0
295, 156.0
296, 136.0
297, 110.0
298, 139.0
299, 101.0
300, 143.0
301, 143.0
302, 115.0
303, 112.0
304, 132.0
305, 111.0
306, 155.0
307, 129.0
308, 155.0
309, 155.0
310, 200.0
311, 141.0
312, 112.0
313, 110.0
314, 113.0
315, 133.0
316, 103.0
317, 153.0
318, 118.0
319, 163.0
320, 200.0
321, 117.0
322, 189.0
323, 132.0
324, 117.0
325, 200.0
326, 148.0
327, 105.0
328, 121.0
329, 113.0
330, 112.0
331, 200.0
332, 106.0
333, 104.0
334, 105.0
335, 107.0
336, 200.0
337, 109.0
338, 106.0
339, 101.0
340, 139.0
341, 122.0
342, 124.0
343, 131.0
344, 121.0
345, 102.0
346, 131.0
347, 126.0
348, 110.0
349, 162.0
350, 131.0
351, 200.0
352, 121.0
353, 104.0
354, 129.0
355, 107.0
356, 126.0
357, 140.0
358, 130.0
359, 103.0
360, 146.0
361, 105.0
362, 126.0
363, 188.0
364, 135.0
365, 103.0
366, 159.0
367, 176.0
368, 124.0
369, 105.0
370, 156.0
371, 102.0
372, 115.0
373, 126.0
374, 156.0
375, 166.0
376, 190.0
377, 200.0
378, 152.0
379, 200.0
380, 130.0
381, 133.0
382, 99.0
383, 101.0
384, 107.0
385, 152.0
386, 134.0
387, 133.0
388, 113.0
389, 139.0
390, 149.0
391, 200.0
392, 200.0
393, 100.0
394, 98.0
395, 122.0
396, 168.0
397, 200.0
398, 170.0
399, 153.0
400, 200.0
401, 175.0
402, 144.0
403, 140.0
404, 153.0
405, 155.0
406, 137.0
407, 157.0
408, 160.0
409, 200.0
410, 101.0
411, 98.0
412, 143.0
413, 145.0
414, 164.0
415, 162.0
416, 106.0
417, 112.0
418, 104.0
419, 104.0
420, 108.0
421, 158.0
422, 158.0
423, 156.0
424, 155.0
425, 133.0
426, 113.0
427, 124.0
428, 110.0
429, 99.0
430, 122.0
431, 102.0
432, 103.0
433, 138.0
434, 105.0
435, 112.0
436, 117.0
437, 114.0
438, 200.0
439, 157.0
440, 128.0
441, 113.0
442, 103.0
443, 104.0
444, 152.0
445, 101.0
446, 99.0
447, 140.0
448, 140.0
449, 140.0
450, 154.0
451, 173.0
452, 114.0
453, 113.0
454, 200.0
455, 96.0
456, 104.0
457, 200.0
458, 100.0
459, 99.0
460, 101.0
461, 106.0
462, 144.0
463, 132.0
464, 104.0
465, 197.0
466, 99.0
467, 105.0
468, 108.0
469, 108.0
470, 118.0
471, 140.0
472, 185.0
473, 160.0
474, 170.0
475, 174.0
476, 103.0
477, 113.0
478, 149.0
479, 200.0
480, 175.0
481, 145.0
482, 130.0
483, 180.0
484, 122.0
485, 117.0
486, 200.0
487, 200.0
488, 134.0
489, 200.0
490, 158.0
491, 103.0
492, 174.0
493, 200.0
494, 200.0
495, 100.0
496, 166.0
497, 167.0
498, 200.0
499, 157.0
500, 200.0
501, 200.0
502, 200.0
503, 200.0
504, 200.0
505, 200.0
506, 200.0
507, 200.0
508, 200.0
509, 200.0
510, 200.0
511, 200.0
512, 200.0
513, 151.0
514, 133.0
515, 200.0
516, 200.0
517, 144.0
518, 200.0
519, 200.0
520, 161.0
521, 139.0
522, 155.0
523, 200.0
524, 144.0
525, 160.0
526, 200.0
527, 200.0
528, 200.0
529, 187.0
530, 200.0
531, 200.0
532, 200.0
533, 109.0
534, 200.0
535, 164.0
536, 144.0
537, 152.0
538, 200.0
539, 111.0
540, 113.0
541, 114.0
542, 168.0
543, 182.0
544, 200.0
545, 142.0
546, 106.0
547, 109.0
548, 115.0
549, 200.0
550, 121.0
551, 144.0
552, 200.0
553, 151.0
554, 112.0
555, 196.0
556, 105.0
557, 191.0
558, 200.0
559, 200.0
560, 105.0
561, 174.0
562, 158.0
563, 163.0
564, 171.0
565, 131.0
566, 168.0
567, 106.0
568, 166.0
569, 107.0
570, 154.0
571, 169.0
572, 200.0
573, 187.0
574, 200.0
575, 200.0
576, 192.0
577, 184.0
578, 183.0
579, 200.0
580, 200.0
581, 166.0
582, 107.0
583, 200.0
584, 200.0
585, 200.0
586, 200.0
587, 200.0
588, 100.0
589, 111.0
590, 170.0
591, 200.0
592, 104.0
593, 109.0
594, 200.0
595, 200.0
596, 200.0
597, 200.0
598, 200.0
599, 200.0
600, 112.0
601, 125.0
602, 200.0
603, 100.0
604, 127.0
605, 120.0
606, 119.0
607, 118.0
608, 118.0
609, 200.0
610, 200.0
611, 200.0
612, 200.0
613, 200.0
614, 159.0
615, 119.0
616, 200.0
617, 200.0
618, 200.0
619, 200.0
620, 200.0
621, 200.0
622, 200.0
623, 200.0
624, 200.0
625, 200.0
626, 200.0
627, 200.0
628, 200.0
629, 200.0
630, 200.0
631, 106.0
632, 104.0
633, 200.0
634, 200.0
635, 200.0
636, 200.0
637, 200.0
638, 200.0
639, 200.0
640, 200.0
641, 200.0
642, 200.0
643, 200.0
644, 200.0
645, 200.0
646, 200.0
647, 200.0
648, 200.0
649, 107.0
650, 110.0
651, 200.0
652, 200.0
653, 200.0
654, 200.0
655, 200.0
656, 116.0
657, 192.0
658, 200.0
659, 200.0
660, 200.0
661, 200.0
662, 110.0
663, 200.0
664, 200.0
665, 200.0
666, 200.0
667, 200.0
668, 106.0
669, 118.0
670, 200.0
671, 200.0
672, 107.0
673, 121.0
674, 114.0
675, 200.0
676, 106.0
677, 102.0
678, 100.0
679, 99.0
680, 102.0
681, 98.0
682, 200.0
683, 200.0
684, 200.0
685, 106.0
686, 103.0
687, 103.0
688, 104.0
689, 99.0
690, 197.0
691, 200.0
692, 200.0
693, 200.0
694, 101.0
695, 98.0
696, 200.0
697, 200.0
698, 200.0
699, 200.0
700, 200.0
701, 200.0
702, 200.0
703, 200.0
704, 200.0
705, 200.0
706, 107.0
707, 102.0
708, 109.0
709, 101.0
710, 109.0
711, 103.0
712, 200.0
713, 200.0
714, 107.0
715, 200.0
716, 108.0
717, 112.0
718, 200.0
719, 200.0
720, 200.0
721, 108.0
722, 101.0
723, 110.0
724, 94.0
725, 102.0
726, 102.0
727, 200.0
728, 200.0
729, 200.0
730, 108.0
731, 200.0
732, 102.0
733, 200.0
734, 95.0
735, 200.0
736, 99.0
737, 200.0
738, 200.0
739, 200.0
740, 200.0
741, 200.0
742, 200.0
743, 188.0
744, 200.0
745, 107.0
746, 200.0
747, 200.0
748, 200.0
749, 103.0
750, 200.0
751, 99.0
752, 97.0
753, 200.0
754, 200.0
755, 104.0
756, 99.0
757, 96.0
758, 200.0
759, 200.0
760, 98.0
761, 200.0
762, 200.0
763, 105.0
764, 200.0
765, 102.0
766, 109.0
767, 109.0
768, 107.0
769, 97.0
770, 200.0
771, 200.0
772, 200.0
773, 104.0
774, 200.0
775, 104.0
776, 200.0
777, 200.0
778, 99.0
779, 101.0
780, 129.0
781, 200.0
782, 200.0
783, 119.0
784, 200.0
785, 96.0
786, 106.0
787, 107.0
788, 200.0
789, 200.0
790, 200.0
791, 104.0
792, 173.0
793, 200.0
794, 200.0
795, 200.0
796, 96.0
797, 200.0
798, 200.0
799, 200.0
800, 179.0
801, 100.0
802, 200.0
803, 195.0
804, 200.0
805, 200.0
806, 200.0
807, 200.0
808, 200.0
809, 200.0
810, 200.0
811, 200.0
812, 200.0
813, 200.0
814, 92.0
815, 200.0
816, 200.0
817, 200.0
818, 200.0
819, 200.0
820, 92.0
821, 96.0
822, 200.0
823, 96.0
824, 95.0
825, 93.0
826, 92.0
827, 200.0
828, 95.0
829, 91.0
830, 94.0
831, 200.0
832, 200.0
833, 191.0
834, 200.0
835, 200.0
836, 130.0
837, 100.0
838, 200.0
839, 200.0
840, 200.0
841, 200.0
842, 100.0
843, 95.0
844, 98.0
845, 200.0
846, 97.0
847, 200.0
848, 95.0
849, 98.0
850, 101.0
851, 200.0
852, 95.0
853, 101.0
854, 94.0
855, 97.0
856, 92.0
857, 200.0
858, 200.0
859, 200.0
860, 200.0
861, 99.0
862, 200.0
863, 93.0
864, 200.0
865, 200.0
866, 91.0
867, 200.0
868, 98.0
869, 97.0
870, 92.0
871, 97.0
872, 200.0
873, 200.0
874, 200.0
875, 132.0
876, 200.0
877, 105.0
878, 200.0
879, 200.0
880, 200.0
881, 200.0
882, 200.0
883, 200.0
884, 200.0
885, 200.0
886, 102.0
887, 97.0
888, 200.0
889, 200.0
890, 200.0
891, 200.0
892, 101.0
893, 200.0
894, 200.0
895, 101.0
896, 98.0
897, 100.0
898, 100.0
899, 98.0
900, 200.0
901, 200.0
902, 92.0
903, 200.0
904, 200.0
905, 200.0
906, 101.0
907, 106.0
908, 132.0
909, 200.0
910, 200.0
911, 94.0
912, 200.0
913, 200.0
914, 112.0
915, 97.0
916, 99.0
917, 200.0
918, 200.0
919, 188.0
920, 102.0
921, 101.0
922, 109.0
923, 161.0
924, 200.0
925, 200.0
926, 200.0
927, 200.0
928, 200.0
929, 123.0
930, 200.0
931, 97.0
932, 200.0
933, 100.0
934, 200.0
935, 200.0
936, 200.0
937, 200.0
938, 99.0
939, 98.0
940, 200.0
941, 181.0
942, 103.0
943, 200.0
944, 104.0
945, 101.0
946, 103.0
947, 110.0
948, 200.0
949, 200.0
950, 98.0
951, 104.0
952, 200.0
953, 200.0
954, 100.0
955, 149.0
956, 200.0
957, 107.0
958, 103.0
959, 104.0
960, 200.0
961, 102.0
962, 115.0
963, 98.0
964, 104.0
965, 116.0
966, 200.0
967, 98.0
968, 111.0
969, 110.0
970, 94.0
971, 200.0
972, 200.0
973, 100.0
974, 143.0
975, 200.0
976, 200.0
977, 200.0
978, 97.0
979, 102.0
980, 99.0
981, 200.0
982, 200.0
983, 200.0
984, 103.0
985, 200.0
986, 123.0
987, 97.0
988, 101.0
989, 100.0
990, 107.0
991, 95.0
992, 111.0
993, 115.0
994, 98.0
995, 91.0
996, 101.0
997, 116.0
998, 90.0
999, 90.0
1000, 103.0