0, 21.0
1, 8.0
2, 23.0
3, 10.0
4, 18.0
5, 8.0
6, 17.0
7, 17.0
8, 53.0
9, 106.0
10, 25.0
11, 9.0
12, 9.0
13, 17.0
14, 9.0
15, 14.0
16, 15.0
17, 9.0
18, 9.0
19, 9.0
20, 23.0
21, 9.0
22, 10.0
23, 8.0
24, 8.0
25, 10.0
26, 100.0
27, 9.0
28, 11.0
29, 21.0
30, 9.0
31, 23.0
32, 9.0
33, 8.0
34, 111.0
35, 19.0
36, 9.0
37, 52.0
38, 33.0
39, 10.0
40, 13.0
41, 15.0
42, 16.0
43, 13.0
44, 8.0
45, 55.0
46, 9.0
47, 8.0
48, 9.0
49, 25.0
50, 10.0
51, 9.0
52, 9.0
53, 10.0
54, 61.0
55, 8.0
56, 10.0
57, 10.0
58, 8.0
59, 10.0
60, 9.0
61, 11.0
62, 10.0
63, 10.0
64, 8.0
65, 9.0
66, 10.0
67, 10.0
68, 10.0
69, 12.0
70, 9.0
71, 13.0
72, 13.0
73, 13.0
74, 11.0
75, 9.0
76, 11.0
77, 10.0
78, 11.0
79, 14.0
80, 9.0
81, 12.0
82, 13.0
83, 13.0
84, 15.0
85, 16.0
86, 8.0
87, 9.0
88, 11.0
89, 10.0
90, 14.0
91, 12.0
92, 10.0
93, 11.0
94, 8.0
95, 11.0
96, 9.0
97, 12.0
98, 13.0
99, 9.0
100, 9.0
101, 10.0
102, 9.0
103, 10.0
104, 10.0
105, 9.0
106, 10.0
107, 8.0
108, 9.0
109, 10.0
110, 10.0
111, 10.0
112, 10.0
113, 10.0
114, 10.0
115, 10.0
116, 10.0
117, 10.0
118, 9.0
119, 10.0
120, 10.0
121, 9.0
122, 10.0
123, 10.0
124, 9.0
125, 8.0
126, 10.0
127, 9.0
128, 9.0
129, 9.0
130, 10.0
131, 49.0
132, 9.0
133, 10.0
134, 10.0
135, 9.0
136, 9.0
137, 11.0
138, 10.0
139, 9.0
140, 8.0
141, 10.0
142, 8.0
143, 10.0
144, 10.0
145, 10.0
146, 9.0
147, 10.0
148, 10.0
149, 9.0
150, 10.0
151, 9.0
152, 9.0
153, 10.0
154, 8.0
155, 10.0
156, 10.0
157, 10.0
158, 10.0
159, 10.0
160, 10.0
161, 10.0
162, 8.0
163, 9.0
164, 10.0
165, 12.0
166, 27.0
167, 9.0
168, 9.0
169, 10.0
170, 11.0
171, 9.0
172, 9.0
173, 9.0
174, 11.0
175, 9.0
176, 9.0
177, 10.0
178, 8.0
179, 8.0
180, 35.0
181, 9.0
182, 11.0
183, 9.0
184, 9.0
185, 11.0
186, 9.0
187, 11.0
188, 69.0
189, 12.0
190, 14.0
191, 16.0
192, 42.0
193, 31.0
194, 10.0
195, 24.0
196, 44.0
197, 10.0
198, 9.0
199, 10.0
200, 9.0
201, 9.0
202, 9.0
203, 15.0
204, 34.0
205, 32.0
206, 33.0
207, 28.0
208, 14.0
209, 17.0
210, 21.0
211, 21.0
212, 21.0
213, 27.0
214, 11.0
215, 18.0
216, 11.0
217, 15.0
218, 16.0
219, 11.0
220, 17.0
221, 11.0
222, 9.0
223, 44.0
224, 26.0
225, 86.0
226, 9.0
227, 10.0
228, 10.0
229, 10.0
230, 10.0
231, 15.0
232, 18.0
233, 16.0
234, 13.0
235, 29.0
236, 47.0
237, 20.0
238, 17.0
239, 22.0
240, 13.0
241, 11.0
242, 18.0
243, 12.0
244, 17.0
245, 10.0
246, 12.0
247, 10.0
248, 15.0
249, 16.0
250, 21.0
251, 11.0
252, 13.0
253, 19.0
254, 33.0
255, 17.0
256, 10.0
257, 9.0
258, 10.0
259, 10.0
260, 11.0
261, 10.0
262, 11.0
263, 43.0
264, 16.0
265, 23.0
266, 47.0
267, 14.0
268, 10.0
269, 11.0
270, 10.0
271, 8.0
272, 19.0
273, 26.0
274, 23.0
275, 19.0
276, 12.0
277, 14.0
278, 10.0
279, 9.0
280, 10.0
281, 11.0
282, 10.0
283, 14.0
284, 10.0
285, 11.0
286, 13.0
287, 18.0
288, 17.0
289, 26.0
290, 17.0
291, 15.0
292, 15.0
293, 61.0
294, 16.0
295, 16.0
296, 16.0
297, 19.0
298, 49.0
299, 16.0
300, 133.0
301, 15.0
302, 11.0
303, 17.0
304, 19.0
305, 24.0
306, 20.0
307, 13.0
308, 25.0
309, 33.0
310, 15.0
311, 14.0
312, 30.0
313, 14.0
314, 13.0
315, 14.0
316, 14.0
317, 24.0
318, 31.0
319, 19.0
320, 20.0
321, 75.0
322, 53.0
323, 27.0
324, 20.0
325, 10.0
326, 11.0
327, 16.0
328, 14.0
329, 16.0
330, 24.0
331, 15.0
332, 18.0
333, 22.0
334, 23.0
335, 20.0
336, 11.0
337, 12.0
338, 12.0
339, 14.0
340, 12.0
341, 15.0
342, 30.0
343, 14.0
344, 18.0
345, 155.0
346, 75.0
347, 129.0
348, 75.0
349, 134.0
350, 129.0
351, 60.0
352, 108.0
353, 78.0
354, 75.0
355, 16.0
356, 88.0
357, 95.0
358, 200.0
359, 120.0
360, 69.0
361, 82.0
362, 108.0
363, 94.0
364, 135.0
365, 200.0
366, 200.0
367, 171.0
368, 143.0
369, 200.0
370, 200.0
371, 160.0
372, 114.0
373, 109.0
374, 98.0
375, 116.0
376, 138.0
377, 124.0
378, 132.0
379, 95.0
380, 123.0
381, 200.0
382, 99.0
383, 119.0
384, 122.0
385, 102.0
386, 115.0
387, 142.0
388, 112.0
389, 200.0
390, 115.0
391, 117.0
392, 106.0
393, 120.0
394, 125.0
395, 112.0
396, 107.0
397, 127.0
398, 132.0
399, 132.0
400, 168.0
401, 114.0
402, 153.0
403, 134.0
404, 113.0
405, 113.0
406, 107.0
407, 141.0
408, 149.0
409, 136.0
410, 128.0
411, 143.0
412, 132.0
413, 121.0
414, 115.0
415, 112.0
416, 132.0
417, 136.0
418, 132.0
419, 151.0
420, 124.0
421, 120.0
422, 132.0
423, 128.0
424, 130.0
425, 114.0
426, 117.0
427, 120.0
428, 107.0
429, 118.0
430, 135.0
431, 166.0
432, 122.0
433, 123.0
434, 174.0
435, 163.0
436, 152.0
437, 200.0
438, 133.0
439, 174.0
440, 115.0
441, 136.0
442, 161.0
443, 163.0
444, 153.0
445, 198.0
446, 138.0
447, 121.0
448, 200.0
449, 151.0
450, 171.0
451, 200.0
452, 200.0
453, 154.0
454, 200.0
455, 149.0
456, 199.0
457, 200.0
458, 200.0
459, 200.0
460, 186.0
461, 200.0
462, 200.0
463, 162.0
464, 200.0
465, 200.0
466, 179.0
467, 193.0
468, 200.0
469, 200.0
470, 200.0
471, 178.0
472, 200.0
473, 184.0
474, 192.0
475, 200.0
476, 165.0
477, 160.0
478, 166.0
479, 154.0
480, 166.0
481, 177.0
482, 170.0
483, 152.0
484, 169.0
485, 169.0
486, 157.0
487, 153.0
488, 200.0
489, 139.0
490, 167.0
491, 163.0
492, 157.0
493, 140.0
494, 155.0
495, 140.0
496, 139.0
497, 151.0
498, 200.0
499, 154.0
500, 146.0
501, 195.0
502, 156.0
503, 172.0
504, 200.0
505, 175.0
506, 190.0
507, 151.0
508, 166.0
509, 182.0
510, 200.0
511, 144.0
512, 192.0
513, 200.0
514, 200.0
515, 199.0
516, 200.0
517, 190.0
518, 162.0
519, 179.0
520, 200.0
521, 200.0
522, 200.0
523, 200.0
524, 200.0
525, 200.0
526, 200.0
527, 200.0
528, 183.0
529, 200.0
530, 200.0
531, 200.0
532, 200.0
533, 185.0
534, 200.0
535, 200.0
536, 200.0
537, 200.0
538, 200.0
539, 200.0
540, 200.0
541, 200.0
542, 200.0
543, 200.0
544, 200.0
545, 200.0
546, 200.0
547, 189.0
548, 182.0
549, 200.0
550, 200.0
551, 200.0
552, 200.0
553, 155.0
554, 168.0
555, 192.0
556, 200.0
557, 200.0
558, 200.0
559, 143.0
560, 146.0
561, 146.0
562, 168.0
563, 183.0
564, 132.0
565, 180.0
566, 162.0
567, 130.0
568, 130.0
569, 142.0
570, 121.0
571, 121.0
572, 200.0
573, 126.0
574, 129.0
575, 129.0
576, 162.0
577, 142.0
578, 176.0
579, 160.0
580, 157.0
581, 135.0
582, 151.0
583, 138.0
584, 127.0
585, 120.0
586, 132.0
587, 126.0
588, 122.0
589, 158.0
590, 199.0
591, 117.0
592, 123.0
593, 125.0
594, 140.0
595, 138.0
596, 113.0
597, 127.0
598, 113.0
599, 131.0
600, 124.0
601, 149.0
602, 129.0
603, 123.0
604, 121.0
605, 200.0
606, 134.0
607, 123.0
608, 121.0
609, 127.0
610, 141.0
611, 123.0
612, 160.0
613, 118.0
614, 135.0
615, 128.0
616, 134.0
617, 124.0
618, 135.0
619, 173.0
620, 140.0
621, 169.0
622, 153.0
623, 200.0
624, 129.0
625, 169.0
626, 163.0
627, 124.0
628, 137.0
629, 128.0
630, 146.0
631, 135.0
632, 126.0
633, 129.0
634, 124.0
635, 200.0
636, 121.0
637, 118.0
638, 114.0
639, 122.0
640, 135.0
641, 111.0
642, 113.0
643, 117.0
644, 120.0
645, 115.0
646, 107.0
647, 124.0
648, 114.0
649, 120.0
650, 113.0
651, 123.0
652, 119.0
653, 116.0
654, 113.0
655, 117.0
656, 113.0
657, 115.0
658, 118.0
659, 115.0
660, 112.0
661, 109.0
662, 113.0
663, 112.0
664, 111.0
665, 102.0
666, 113.0
667, 110.0
668, 112.0
669, 108.0
670, 116.0
671, 121.0
672, 109.0
673, 111.0
674, 110.0
675, 124.0
676, 117.0
677, 110.0
678, 106.0
679, 106.0
680, 115.0
681, 104.0
682, 106.0
683, 102.0
684, 110.0
685, 114.0
686, 107.0
687, 107.0
688, 105.0
689, 104.0
690, 111.0
691, 101.0
692, 105.0
693, 113.0
694, 110.0
695, 104.0
696, 104.0
697, 114.0
698, 102.0
699, 119.0
700, 110.0
701, 107.0
702, 116.0
703, 109.0
704, 106.0
705, 110.0
706, 110.0
707, 107.0
708, 117.0
709, 115.0
710, 116.0
711, 112.0
712, 114.0
713, 117.0
714, 120.0
715, 128.0
716, 121.0
717, 117.0
718, 123.0
719, 152.0
720, 132.0
721, 143.0
722, 117.0
723, 120.0
724, 151.0
725, 155.0
726, 149.0
727, 119.0
728, 113.0
729, 183.0
730, 138.0
731, 115.0
732, 136.0
733, 150.0
734, 135.0
735, 121.0
736, 145.0
737, 119.0
738, 198.0
739, 200.0
740, 113.0
741, 118.0
742, 196.0
743, 200.0
744, 127.0
745, 168.0
746, 131.0
747, 171.0
748, 168.0
749, 111.0
750, 181.0
751, 200.0
752, 147.0
753, 200.0
754, 163.0
755, 200.0
756, 180.0
757, 123.0
758, 192.0
759, 200.0
760, 193.0
761, 164.0
762, 175.0
763, 200.0
764, 200.0
765, 200.0
766, 180.0
767, 200.0
768, 200.0
769, 200.0
770, 200.0
771, 200.0
772, 200.0
773, 200.0
774, 200.0
775, 200.0
776, 200.0
777, 200.0
778, 200.0
779, 200.0
780, 200.0
781, 200.0
782, 200.0
783, 200.0
784, 200.0
785, 200.0
786, 200.0
787, 200.0
788, 200.0
789, 200.0
790, 200.0
791, 200.0
792, 200.0
793, 200.0
794, 200.0
795, 200.0
796, 153.0
797, 200.0
798, 200.0
799, 200.0
800, 200.0
801, 200.0
802, 200.0
803, 200.0
804, 200.0
805, 200.0
806, 200.0
807, 200.0
808, 200.0
809, 200.0
810, 127.0
811, 115.0
812, 145.0
813, 200.0
814, 106.0
815, 200.0
816, 200.0
817, 200.0
818, 200.0
819, 200.0
820, 200.0
821, 200.0
822, 200.0
823, 200.0
824, 200.0
825, 200.0
826, 200.0
827, 200.0
828, 200.0
829, 198.0
830, 200.0
831, 200.0
832, 200.0
833, 200.0
834, 200.0
835, 200.0
836, 200.0
837, 200.0
838, 200.0
839, 200.0
840, 200.0
841, 200.0
842, 200.0
843, 200.0
844, 200.0
845, 199.0
846, 200.0
847, 200.0
848, 200.0
849, 200.0
850, 200.0
851, 200.0
852, 200.0
853, 200.0
854, 200.0
855, 200.0
856, 200.0
857, 200.0
858, 200.0
859, 200.0
860, 200.0
861, 200.0
862, 200.0
863, 200.0
864, 200.0
865, 200.0
866, 200.0
867, 200.0
868, 200.0
869, 200.0
870, 200.0
871, 200.0
872, 200.0
873, 200.0
874, 200.0
875, 200.0
876, 200.0
877, 200.0
878, 200.0
879, 200.0
880, 200.0
881, 167.0
882, 126.0
883, 112.0
884, 200.0
885, 113.0
886, 190.0
887, 121.0
888, 200.0
889, 200.0
890, 120.0
891, 151.0
892, 107.0
893, 200.0
894, 200.0
895, 112.0
896, 200.0
897, 100.0
898, 102.0
899, 104.0
900, 108.0
901, 104.0
902, 109.0
903, 109.0
904, 102.0
905, 99.0
906, 102.0
907, 99.0
908, 200.0
909, 97.0
910, 158.0
911, 98.0
912, 96.0
913, 100.0
914, 99.0
915, 118.0
916, 200.0
917, 105.0
918, 102.0
919, 100.0
920, 100.0
921, 99.0
922, 106.0
923, 106.0
924, 118.0
925, 98.0
926, 98.0
927, 102.0
928, 147.0
929, 168.0
930, 98.0
931, 97.0
932, 103.0
933, 100.0
934, 97.0
935, 107.0
936, 98.0
937, 102.0
938, 102.0
939, 95.0
940, 102.0
941, 200.0
942, 97.0
943, 131.0
944, 103.0
945, 100.0
946, 102.0
947, 100.0
948, 100.0
949, 100.0
950, 96.0
951, 106.0
952, 98.0
953, 101.0
954, 96.0
955, 93.0
956, 98.0
957, 94.0
958, 97.0
959, 97.0
960, 98.0
961, 112.0
962, 98.0
963, 93.0
964, 109.0
965, 111.0
966, 102.0
967, 101.0
968, 102.0
969, 97.0
970, 94.0
971, 95.0
972, 102.0
973, 108.0
974, 93.0
975, 99.0
976, 103.0
977, 131.0
978, 92.0
979, 103.0
980, 98.0
981, 101.0
982, 97.0
983, 156.0
984, 98.0
985, 101.0
986, 97.0
987, 120.0
988, 94.0
989, 115.0
990, 93.0
991, 93.0
992, 98.0
993, 92.0
994, 126.0
995, 132.0
996, 119.0
997, 102.0
998, 117.0
999, 122.0
1000, 97.0